21
0 0 0 0 0 0 0 0 0 0 0 0 0 0 0 0 0 0 0 0 0 
0 3 0 1 1 1 0 1 1 3 1 1 0 1 1 1 1 1 0 1 0 
0 1 0 1 0 0 0 1 0 1 0 1 0 1 0 0 0 1 0 1 0 
0 1 1 1 1 1 1 1 0 1 0 1 1 1 1 1 0 1 0 1 0 
0 1 0 0 0 1 0 0 0 1 0 0 0 1 0 0 0 1 0 1 0 
0 1 1 1 0 1 1 1 0 1 0 1 0 1 0 1 0 1 1 1 0 
0 1 0 0 0 0 0 1 0 1 0 1 0 0 0 1 0 0 0 1 0 
0 1 1 1 0 1 0 1 0 1 0 1 0 1 1 1 0 1 1 3 0 
0 1 0 1 0 1 0 0 0 0 0 1 0 1 0 0 0 0 0 0 0 
0 1 0 1 1 1 0 1 0 1 1 1 1 2 1 1 0 1 1 1 0 
0 0 0 0 0 1 0 1 0 0 1 1 0 0 0 0 0 1 0 1 0 
0 1 1 1 1 1 0 1 0 1 1 1 1 1 1 1 1 1 0 1 0 
0 0 0 1 0 0 0 1 0 0 0 0 0 1 0 0 0 0 0 1 0 
0 1 0 1 1 1 0 1 1 1 0 1 0 1 1 1 1 1 0 1 0 
0 1 0 1 0 1 0 1 0 1 0 1 0 0 0 1 0 1 0 0 0 
0 1 1 2 0 1 1 1 0 1 1 1 0 1 0 1 0 1 1 1 0 
0 1 0 0 0 0 0 1 0 0 0 0 0 1 0 0 0 0 0 1 0 
0 1 1 1 1 1 0 1 1 1 1 1 1 1 1 1 0 1 1 1 0 
0 1 0 0 0 1 0 0 0 0 0 1 0 1 0 1 0 1 0 1 0 
0 1 1 1 0 1 0 1 1 1 1 1 0 1 0 1 1 1 0 1 0 
0 0 0 0 0 0 0 0 0 0 0 0 0 0 0 0 0 0 0 0 0

Trang phục truyền thống của Hàn Quốc là HanBoc đúng hay sai
false
AI là viết tắt của từ Artificial Intelligence đúng hay sai ?
true
